1024,2048,4096,8192,16384,32768,65536,131072,262144,524288,1048576,2097152,4194304,8388608,16777216
429746620
67804175
431354999
67213830
423952744
73776062
419996957
65103026
430681011
67906291
430081914
68895185
431726258
67768463
430954636
67848316
422851950
63983242
420098124
62403093
247189167
63417777
249466911
68595032
248704900
68026110
249494947
66869030
247942776
67287646
248401114
67713122
251933377
64695881
238552081
63588571
246851602
68904724
245814606
65071057
172991079
62318522
166990915
67397936
169510559
64035585
168680583
67236371
168196243
71491791
167716942
66965930
168302092
67267632
171021600
68346694
168074513
66802194
167179846
62246617
134234264
66940701
134010587
66571355
134133075
66808881
134990987
66530613
133774016
66980887
137152935
65752043
136900337
64856296
134233178
62251341
133457012
67801133
134316025
62422402
122708542
67126545
123396431
67173637
124040461
66812628
124065667
69502822
121742198
71008075
125815804
67286691
123196050
67356096
125090105
68684745
122473173
66857802
124729920
62140044
144280258
67887066
143613039
67368681
142975317
63977166
145573315
65912537
146519536
67074272
145107187
66727235
146476103
66979152
146364283
67244053
140946475
67674750
141641256
72018773
156130036
66729518
155624060
67770964
156002111
65801355
155640119
67717454
154926941
67190144
155297651
67549788
155180486
67787895
155378701
68211679
155246110
72242977
151282619
73138884
154362550
68972481
155554046
62485907
153710706
69730008
154505781
71296469
154131795
67233604
154622573
68586003
154479335
67552465
154626248
67078205
154459885
67267310
154617508
62492244
150664206
67342310
151009793
66185981
150351170
78943479
147357358
66781802
151038691
67121913
151463761
68939163
151566311
70461548
150985890
67392515
149367153
62216478
147512044
63778550
148098546
69921558
147583954
71341022
148009055
68411225
144014605
67378787
147497408
67505168
147493984
67400291
148004315
65302889
146521179
67113426
145582179
71748587
148310337
62722662
145332662
67353236
146237463
67507342
145298580
67824255
145091100
69294940
144938980
66582797
145361397
62501860
145904107
70336954
145351231
68019734
145555320
67071259
146974688
65265523
146640423
72339972
145762674
67273938
146308198
69231563
146698844
68694600
145178026
68564757
147072456
68251461
144235355
68350526
147535095
67344929
146953422
68013544
146585643
63113960
147743556
69212441
147720822
67979910
148016901
62214647
145689923
69849227
143849838
64944485
148802351
67556980
149507563
67597481
148676058
69635529
144454180
68620049
149606302
64162978
152287825
67566283
150740958
68109211
153748867
65805453
150882660
67331789
149193665
67088990
150994488
70713734
151468976
67488623
149929192
68046164
151489901
67640072
148040129
62075519
157321924
75360206
157583322
74834180
153588316
72592380
153858015
75451803
154520071
76425107
152818496
75862379
153737337
75971611
154293154
75534658
154798741
76502018
153398501
