1024,2048,4096,8192,16384,32768,65536,131072,262144,524288,1048576,2097152,4194304,8388608,16777216
232732474
71235202
233020904
72027465
232851680
75085597
232739552
69180180
233291479
68784596
232560341
75927928
233024873
69271110
233122800
69253099
232810926
76379139
232780652
68940531
155506595
69301219
155342828
68664090
155782783
71540291
155470457
71977488
155366557
69034643
155348910
69194061
155375876
72252793
155583199
69832786
155458569
68740459
155480996
76945152
117199880
69424429
117199110
69481958
117068225
69038236
116963614
69200988
117122132
72232786
117266219
71448898
117172446
69238832
117240182
69483318
117278735
72421972
117017623
72136107
102846295
69230914
102221891
69762390
102573488
72512295
102494764
69823170
102380997
69596481
102538480
69381917
102426959
69488294
102373866
76306387
102629960
69145580
102553348
69287959
95236391
69467994
94880708
69277828
95229568
72353722
94864063
70700308
95049681
69422339
94911426
69598960
95124646
69679029
94937624
72082562
95067721
71030464
95213766
69356749
92210933
69093122
91874560
70623425
92159989
69493250
91914573
69840065
91898378
69441024
92206033
69615209
91956764
76293091
92057829
69892835
91915592
71650609
91915122
69649158
92853253
71529353
92758276
75779132
92954845
69293322
92852543
69978497
92742345
69222866
92764819
71599787
92892163
72857301
92742731
71184084
93091973
69360728
92722634
69854523
94820316
69540522
95017581
72526034
94576982
71799490
94657974
71836817
94691734
69432568
94876242
69508135
94904640
72309525
94695440
69669971
94663830
69390767
94595048
69330885
95092589
76295111
95254965
69468449
95263661
69202353
95175418
69473770
95031074
69516506
95317921
76249262
95114299
69669133
95717512
71659184
95229985
71482242
95127674
71576774
95178542
72440795
94519671
71557796
94595210
69418775
95749324
69756755
94575343
69611712
94708044
72659396
95052612
70067409
94569123
69934515
94877399
70482065
94853641
70629413
94651813
72874336
94976960
70099631
94708272
70156038
94580358
70283631
94990676
77276057
94474093
71393332
94888237
70068233
95018323
72220437
95090195
71483110
94649822
73201378
96634958
73374755
97364772
70372523
96782230
73286684
97409213
72555731
97005255
73166611
97051161
70195452
96498151
70341615
97060881
70448407
97046785
71841856
97100643
70036585
101425813
70064221
100878008
70321313
100910193
70281787
101130701
72893693
100944338
73109354
100899558
70383068
101271673
71762472
100976781
72023127
100931472
73639684
102157487
70266453
109346563
70485414
109071456
71051888
109203400
74791079
109153042
72279290
109124202
72135074
109077597
70165252
109140150
70374051
109331515
73149784
109078842
70360678
109012170
70315694
126465656
78243129
126452545
79459713
126601420
72779074
126384655
70206347
126290690
70306510
126464735
79799169
126407409
73481314
126500218
72779064
126684334
71811650
126308132
