1024,2048,4096,8192,16384,32768,65536,131072,262144,524288,1048576,2097152,4194304,8388608,16777216
39976047
68837412
39954115
70917509
39919774
68883120
39939116
69055956
39977803
68737540
39966453
77265605
40085706
69335696
39923990
69170038
39917617
69211189
39906352
68366630
25992182
74029898
26033353
68452458
26081303
68521588
25991531
68240884
25945702
69286013
25997842
68377410
25956839
68659021
25949076
69371654
25962389
68378853
25969560
68686145
18926546
73707704
18972576
68421225
18998990
70876171
18943331
68494351
18946737
68541615
18992561
68382431
18957221
72034410
18975556
68581878
18963472
68474162
18940355
69660115
20036736
74123088
19989710
68771269
20009061
69306452
20010812
69064214
20003694
68737334
19993114
69300357
19982939
69291766
20000110
70744709
19962567
68498641
19991569
68213815
18468701
73772923
18475140
74499027
18473484
68513240
18423546
68512575
18464219
68426078
18472267
68261508
18469947
68883075
18496064
68322609
18493275
68668950
18472082
68148474
18212155
72954992
18251291
68340271
18188806
71395170
18186547
68343113
18220399
68222200
18214377
68131080
18222837
69450613
18292628
68379245
18007675
68226837
18202229
68552417
17874693
74960920
17710292
68868900
17722522
68809080
17719462
68819798
17743949
75557697
17644796
68874673
17653603
69205259
17713421
70879663
17705949
69087603
17687245
68375893
17896710
74698277
19622947
68375947
18065019
68718767
24187667
68443077
18052538
68457167
18400667
68289991
17805223
69224876
17949780
68387649
18067266
68248754
17905464
74613833
26795935
73587061
26419965
68237685
26307045
70737690
23761245
68171155
25043750
68688344
26207901
68718401
25019140
74390817
27795325
68600902
25071648
68215818
25361048
70966109
41660879
74238799
41411401
69569593
41660873
69703158
42358597
69969572
42204055
69241085
41908982
69076151
42114502
69129624
42589973
69277899
42226125
69178969
41837566
74218478
43806389
74532053
43282789
68890862
43969310
68965043
43900552
69131079
43777395
70328571
43530413
69952577
43741974
69186715
43700255
68624264
43587051
72440915
43859406
69748995
46508338
74036717
46979837
69597587
46693466
69690888
47080077
69288824
46839499
71905546
46958031
69927911
46731836
69865219
46913530
69553893
46915536
77556304
46970866
69980943
48009044
75456525
47978409
70036974
48025041
70119984
47986340
70164901
47982017
75842950
48104786
70137294
47916333
70196082
47798728
70383654
48092341
72345171
48055554
69583705
52477013
76801133
52414537
69928679
52456087
70413668
52350654
72935363
52254405
71618114
52346964
70624567
52541730
75924859
52398199
70258066
52480298
69972853
52372067
73436465
61442269
75214875
61435429
70162348
61246827
73513453
61484092
69519910
61359608
76771110
61595964
73924728
61150131
69668461
61245827
79506349
61462788
78284870
61451749
