1024,2048,4096,8192,16384,32768,65536,131072,262144,524288,1048576,2097152,4194304,8388608,16777216
413580065
73529350
410445032
75838008
411405136
73424142
409932235
73573172
411106393
73290363
411367367
73356328
412944546
79400237
411092904
73515485
413336258
73381383
411802036
73456732
247234236
73171423
242158569
73035478
243251392
75036385
244827235
73284162
244175246
73083760
239941584
73221808
238482327
75066424
240876840
74892626
245483865
73680752
246488088
72102462
163836608
71732020
167614042
74097053
165886753
80152871
166934947
72032529
165416106
71450673
170823029
75889704
178451119
72270482
169796350
79823044
165696662
73972948
166386633
70882672
134071505
71131775
131132937
71142688
133823033
71596249
129066101
73015737
130610934
70784649
134261120
73068211
131237347
72456172
131846651
72703890
130700755
72544026
128148099
73431679
123762632
72715734
122871955
73339257
121792311
72805884
124856934
74017333
122168115
71135084
122707235
71159800
122348957
71403883
121831203
71096297
123316682
71548057
123320819
71027642
144757819
70863279
145178226
70703834
146011363
70956249
145218920
73078356
145108962
74121206
145929836
71272206
145875420
71372085
145823100
71367948
145237071
71469651
144982204
80085210
154506236
70779519
155254032
70895070
154302625
71079043
155017753
70869411
154191747
71051408
155330700
72445257
154280354
71158608
153994624
70712273
155708144
70810465
156555901
71205629
153708000
79262619
155079151
71338215
153723489
71035463
154101075
72760089
151479820
73090890
155157895
74461953
153837908
80070217
155766641
70820442
153318428
70626308
155388035
70959423
150078261
70868716
151533376
70650008
151202939
70618301
150969781
70509599
151566795
71115642
150083757
72007658
151819463
72749130
151736198
79803360
151352335
70604663
151444643
72439759
142110817
72655901
142208152
76960085
146269047
79774680
148193325
70999466
148053241
70700714
147839327
72524578
147794388
74759760
147455659
72639704
148434449
72434579
147844807
73342277
146260121
70940342
144555419
73308524
145333504
71348213
144987838
70786288
146450887
73110705
146586653
70916899
147423072
72949727
145591245
71775343
146410448
71575231
146459709
73865009
147340416
70887955
145196954
71885404
147385991
73124621
144124348
73114827
142257775
72947290
145309016
72529227
146728646
74691943
146851096
75135415
145620248
72775971
146650843
71273680
147450127
74090228
148114249
71548925
147221133
71592032
146411829
71394140
146812374
71570005
147131467
71288576
146994606
71314358
147552677
71412247
148036425
79500751
148276227
71074544
149524986
70860900
150204808
70825001
148982824
73950583
149685374
71115583
149372092
73848409
150100150
72728224
150340959
74826838
150211815
72450009
150112098
76614275
150508231
71149213
151546726
77366249
154288744
76255248
153394847
72802536
152899575
77571183
153672139
76371050
153476133
76221642
154314474
71594988
153939929
77541171
150648059
75025503
151068187
