1024,2048,4096,8192,16384,32768,65536,131072,262144,524288,1048576,2097152,4194304,8388608,16777216
23347414
75816170
23377934
71505254
23377313
67527696
23354152
67589899
23322474
67149170
23323428
66970688
23283084
66916269
23421334
68071702
23336165
67279703
23373782
68153282
11676173
73725330
11751501
67454026
11718306
67909821
11714882
67909834
11715968
67695628
11736404
68827253
11713300
69886646
11809601
67876887
11696877
67710150
12188491
67555569
5822860
73630925
5827666
67422845
5928834
67861436
5906451
67530875
5953920
68090521
5936059
67550983
5926884
67865758
5842667
67838365
5823029
67362162
5832765
67285411
2921729
73573164
2921628
67787796
3012230
74803838
2909347
70503189
2921686
67441705
3028707
67070593
2921741
67230943
3008164
66969119
2951170
67060026
3026602
67966040
1468925
67857806
1471422
67718655
1497121
67254632
1567016
67292959
1471186
68205022
1470729
66739406
1577075
67605780
1467371
67109659
1470949
66726991
1576666
68204622
744770
73814809
744810
67841179
741876
67670060
744819
68429406
864165
67616109
741992
67924895
746881
67529689
774007
67595272
747033
68506859
772436
69484650
382077
68033607
383179
67747055
382660
67535375
390596
67586369
382294
67707902
380014
67411652
501520
67892233
384330
77014972
382277
68754797
382610
67018733
229530
74835009
201137
67240382
201698
66823807
200788
66801506
200916
66913111
201964
66974319
200786
74908877
199386
69810886
199631
67114937
200108
67737183
111664
67938021
109957
67602017
108754
67652224
108485
67560833
109773
67859749
109616
75344060
109914
69181870
110025
67683984
109099
67512588
109661
67789590
64672
67661113
66856
67987126
65344
68058853
64496
67758207
93413
75702175
64038
69759120
65498
68155137
65143
68282143
64512
68504295
65521
67239124
41012
67197286
41251
67005748
42941
67145652
42911
74912199
41516
69318659
42672
67342845
43687
67429998
41452
66711733
41587
66965846
41288
67776907
31279
67599170
30659
67893942
30572
75893067
30802
67734632
30990
67567601
164079
68004218
31270
67816187
31085
67487140
30485
67900837
31274
67574890
26081
73954325
24404
68810121
24274
67703407
24318
67635097
24226
67712901
26143
67698112
25527
67847205
25770
67788836
23978
67325604
24231
67180578
22496
67221029
23390
66884020
21491
66873030
22035
67364786
22976
66907519
23014
67292359
21980
67382562
22770
66813556
22473
66645137
20454
68471553
20423
67757696
20577
67644077
19523
67556832
21523
67414882
20316
67635720
20098
67475129
21145
67578429
20644
67778392
20603
67974937
25698
