1024,2048,4096,8192,16384,32768,65536,131072,262144,524288,1048576,2097152,4194304,8388608,16777216
237478778
61634743
237949607
61936884
237177387
62212424
237248630
61840614
237405841
61905152
237819289
62503546
237178690
62205025
237077153
61744207
237577367
61904406
238235875
62124634
157237340
61930303
156971400
61953124
157206597
61952398
156659559
62281651
157232546
61734372
157641858
63273225
157419439
62396983
157021763
62087265
157374312
62110875
156749414
66055890
117871354
62024034
117970494
62198403
117825776
61937628
118052439
61729098
118186917
62251329
117668993
61941661
118194497
61773278
117986982
62042510
117670147
62991462
118950156
62514885
102533747
62456940
102223662
62157772
102358138
62616485
102553048
67274687
102429306
62439455
102316022
62174329
102223587
61869525
102412830
62471172
102706487
66518921
102347169
62205530
94833150
61976185
94802348
61923012
94629186
63678257
94908772
66169931
95159333
62338868
94719923
62338024
94617956
61715558
94981663
61853917
94968136
62625126
94613097
62491768
91986277
62304910
91807105
61860612
92067642
62107005
92171393
62110451
92182382
62078487
91898248
62246519
92015737
61558036
91963267
61973477
92031820
62543344
92143908
62058821
92854119
62077829
92753012
62136686
92922122
61843572
92730066
62061485
92535684
62312009
92772316
62190210
92820754
62142103
92670351
61835861
93070492
63695271
92623287
66116780
94729194
62433966
94677298
62324188
94571895
62745217
94655697
64056719
94522533
66551808
94327852
62479853
94554490
62316799
94453577
62497314
95011445
63560403
94297582
67263114
95326719
62215722
95828984
62078338
95734333
62203362
95740924
62197392
94864105
65767895
95429663
62408235
95613473
62034962
95111181
62029494
95401573
62927072
95115844
62380873
95402284
62559624
94501714
62900059
95690612
62459817
94338157
62670746
94821958
62437789
95708886
62517482
94714435
62753967
95704739
62363557
94508022
62263393
95428405
62253654
95078937
62604581
95772833
62689422
95052572
62580217
96134536
63542616
94970262
62359442
95988461
62691930
94694606
62703865
95995334
62317421
95149507
62464346
96034449
62734824
96458339
62926087
96616394
62688033
96402022
62627333
97726639
62843027
96541326
62480488
96781144
64555195
96664196
63755097
97158624
62866270
96444063
63355647
96788407
62632837
101164954
63878177
100236401
62901647
101390655
63303702
100139939
62205678
100924092
64073953
100270440
62544400
101180250
62652420
100315456
62388705
101637340
62354662
100335313
62781767
109353962
62933101
109143386
64866479
109562619
62549519
108313629
62628542
109624498
65872866
109030337
62525648
109589559
63693170
108462908
62216844
109607372
64237896
108825956
65906907
126604339
68896329
126485117
69305065
126156163
62928202
126618414
65092521
126426148
66258878
126388454
68272337
126755135
68189796
126478228
71030778
126489428
67736502
126881998
