********************************************************************************
* Starting io-static read performance measurement
********************************************************************************
('buffer size:', 4)
Hello world
40512227609
62558709
40520149902
62272989
40523776176
62286252
40517899616
62381056
40517382097
62290451
40542339119
62279291
40527347283
63274704
40521034667
62458071
40539419246
61910722
-----
('buffer size:', 8)
40518790444
63159374
20345879872
62507709
20361937912
62959923
20370466660
62915096
20343794900
62803823
20357139634
63022188
20351496818
63272678
20383461557
63006752
20390170899
63308133
20379415271
69396092
-----
('buffer size:', 16)
20371376055
62487106
10287944503
62314684
10296954281
62260713
10295723511
62473730
10286635351
62639685
10279426506
62290053
10287351041
62127358
10284552724
62162248
10290115466
62215124
10287356899
62890772
-----10277671947

('buffer size:', 32)
62857735
5196588968
62647681
5195035764
62727167
5201931451
62457462
5190160272
62818796
5197561004
62951589
5201874931
62667189
5192734647
62874057
5197770822
62856377
5199944737
62613255
-----
('buffer size:', 64)
5191234212
63760929
2641640378
62878599
2633529972
62615840
2643857664
62563835
2643406075
63009793
2646855168
63172157
2643864013
63556122
2642662953
63048132
2644195674
62921136
2642815712
64018202
-----
2642125021
('values:', [])
('walk dict: ', defaultdict(<type 'int'>, {}))
********************************************************************************
* Finished io-static read performance measurement
********************************************************************************
********************************************************************************
* Starting io-static read performance measurement
********************************************************************************
('buffer size:', 128)
Hello world
1325918767
62927076
1326769178
62919142
1326734419
62921730
1326974121
63201921
1326325039
63013717
1325926959
62789201
1327520597
63089248
1326609454
65969403
1325910969
62957287
-----
('buffer size:', 256)
1345644043
62990008
725958707
62905900
729462209
62865529
723891981
62826347
727350163
62586991
727425933
62848368
728055176
63053242
724935448
62645443
728868379
62770821
724055705
62491883
-----
('buffer size:', 512)
727581334
62685796
406249906
62696757
404702422
63001489
403326296
62905425
403394729
62638315
406207583
62463700
404383801
62500492
401796441
62859451
403957129
62419226
-----
('buffer size:', 1024)
405170402
62496084
404345670
62581135
243309107
62460496
242857134
62626247
241733449
62503140
242271423
62818022
242282420
62747555
242719096
69440655
241224139
62573004
242464837
62722093
241893088
-----
('buffer size:', 2048)
62953036
243259847
63150437
159695886
62896987
159788832
63084020
159991300
67378296
159131247
62930140
159824622
62645990
159867288
68522411
159796349
62589953
159678301
64603833
159113764
62518194
-----
('buffer size:', 4096)
160062826
62831133
119735341
62540244
119624686
64462936
119705278
62598846
119561697
67901032
119908758
68225196
119485019
62462612
119459132
62700193
119457208
62669826
-----
('buffer size:', 8192)
119752543
63567005
119829413
62584269
103408896
64718425
103290660
62427017
103490629
67170197
103526895
68313962
103406856
63072828
103256395
62627328
103371399
63091211
103380860
-----
('buffer size:', 16384)
69725157
103435380
62724264
103037228
63328453
95034971
62683618
95013121
62665682
95104928
62565024
95014149
63806901
94906437
62595427
94984878
63165338
95132925
63197864
95080971
-----
62706435
95100773
63171016
95125122
('values:', [])
('walk dict: ', defaultdict(<type 'int'>, {}))
********************************************************************************
* Finished io-static read performance measurement
********************************************************************************
********************************************************************************
* Starting io-static read performance measurement
********************************************************************************
('buffer size:', 32768)
Hello world
92379851
62493749
92027057
62507391
92486652
62711794
91711817
62768450
92258869
-----
('buffer size:', 65536)
70204289
92254292
68426492
92242787
63114540
92348911
63218459
92265411
62944464
92315822
69281640
93294042
67790267
93384209
63317677
92868266
62154095
93361742
62331242
93050616
-----
('buffer size:', 131072)
69340213
93300597
67691310
93176935
62492409
93009957
62847244
93184302
62598325
93132300
68972770
95002282
67959219
94947146
64927868
94781596
62846439
94950895
62502864
94606404
-----
('buffer size:', 262144)
69238066
94919213
67898311
94681875
64581288
94989649
62799891
94805659
63159038
94930048
62308022
95926779
62461899
95298947
65296944
95419301
62361539
95673840
62541169
95312388
-----
('buffer size:', 524288)
69078475
95705801
67864331
95507879
64545175
95390829
62539212
95628546
62354563
95463900
62225402
95375186
62364311
95546021
65060079
95195572
62965863
95268174
62838254
95134040
-----
('buffer size:', 1048576)
62323605
95103926
62347979
95402227
64600621
95125001
62872965
95364330
62445890
95412475
62170519
96086686
62877846
95323753
65327872
95588117
62458509
95245386
62283963
95717288
63071625
95583782
63039566
95214480
64767177
95281181
63207581
95679953
62691927
-----
('buffer size:', 2097152)
95357572
62325108
96377079
62409410
96519265
66669096
95793703
62706389
96482397
62280594
95633530
62721207
97158987
62725996
95992660
64609388
96356696
62422383
96654529
62484312
-----
('buffer size:', 4194304)
96503023
62488239
100708602
62687866
100409609
67070432
100153920
64106051
100882409
64501958
100035480
62794092
101242449
62829878
99794209
62774234
101003907
62520996
100244769
62374440
-----
('buffer size:', 8388608)
100917970
62177172
108982685
62140453
109496145
62381501
108965069
62131068
108559857
69227281
108992297
67968317
109093758
65359773
108547846
62258631
109316147
63615805
-----
('buffer size:', 16777216)
109243564
62257018
109219080
66410597
126574541
63242619
126384884
66630662
126371749
69098442
126289218
67824452
126431596
70964258
126604688
64994925
126201051
-----
73913231
128156942
64020971
126183570
63406140
126418251
('values:', [])
('walk dict: ', defaultdict(<type 'int'>, {}))
********************************************************************************
* Finished io-static read performance measurement
********************************************************************************
