1024,2048,4096,8192,16384,32768,65536,131072,262144,524288,1048576,2097152,4194304,8388608,16777216
63151690946
80110
235105409
79705
232551538
85096
236615981
83084
233151046
83773
237440170
81214
234755442
82018
233891949
79280
230624631
81097
232187784
83367
158809537
82492
157692776
79126
155307896
85489
156411070
79863
157597895
85584
156404857
81870
162620266
82778
158833696
79129
158975068
80610
160238986
82742
117740847
89791
117190291
82700
117430697
82512
118047212
79475
116915296
83459
117048460
197475
117130000
83291
117464097
80357
119869263
80468
117457582
80066
102931859
81151
103229659
77258
103540405
104520
102403244
85745
102870245
82876
102839923
82111
102602794
80301
103413263
85161
103748822
79924
105677621
80735
102923656
77366
101490270
81641
103340585
80920
102811299
80855
102710962
79404
109887034
79282
104018042
80094
102356482
79079
103304414
78202
103647289
82725
107006296
83089
110225291
83212
106098371
80562
106376354
84772
109165317
81981
107134447
78066
102750856
82776
104578784
78619
104705246
80056
103142589
82780
109839406
78928
111779829
80038
107690980
78458
109422068
78487
106908505
81013
107546450
108403
114583047
81723
110363650
78106
109091342
80168
108454633
84212
117776993
79822
118357818
84112
119622639
82585
116752822
79903
119254571
84382
117883674
81587
126937242
81750
119170987
107392
118738335
77146
119824078
82977
121417350
83291
122127470
84913
122184070
85272
120299105
80996
121307296
77305
122500508
81219
121135795
79097
121045363
81918
121788140
79807
121464934
80650
120344979
89994
121430621
84985
120846526
76399
120994074
81829
120537351
77242
120934297
80586
120079254
81616
119702727
82650
120105436
80370
120847324
76752
122107236
75205
123073054
81824
123105169
80698
122112469
82109
122406067
81133
122579633
82167
122908322
83405
121635249
80992
122063590
79483
122375498
81961
127977589
80910
127969508
78390
127928878
77773
129634634
83077
128197988
78206
127558141
78156
129739987
79865
130249985
80488
127918357
74811
129561212
78927
135996612
78359
136209712
81218
137831244
79854
136264857
80422
144204009
79712
136641422
78790
139302346
84056
140612859
80824
137671097
80494
136561142
81481
152707159
77963
152934718
82410
159628084
83062
152812306
77739
160908374
81634
159441155
78875
155801472
79030
151557374
76556
156281397
77710
151885547
80103
193937494
76875
204718762
77761
200918022
81238
198159269
78215
195596560
79728
201729530
76404
196474280
82466
203130385
84607
199065858
81166
200809987
