1024,2048,4096,8192,16384,32768,65536,131072,262144,524288,1048576,2097152,4194304,8388608,16777216
42717877575
84299
179327672
87393
154203049
87902
153664824
90453
147671383
88452
146903924
85586
159352322
92196
171652525
88610
152488994
86881
164793565
87465
112487008
83757
115896626
80034
124842732
86247
120103819
87162
113635824
82335
128642966
92716
124129071
85519
116379706
88767
124385066
86222
128619572
90764
102374983
87159
101953773
88724
102017244
87164
101614687
91117
99865466
89329
99154007
86889
101961355
84168
101921316
81555
101181400
83825
101969004
80495
105853902
84654
111507923
78867
107543709
86709
106200970
81421
104172219
89269
105434518
82477
106365112
80657
106253250
87785
108754023
83988
105802132
79194
95658257
83257
100183702
184731
94863875
84532
100793101
80506
95308072
79699
95093655
81109
95512702
174902
95216423
83821
95241886
79590
94866080
82460
95580575
85315
96300335
84420
90964331
79067
90059878
81663
90295242
80492
90996778
82831
90403966
84994
91820374
82865
90718581
85133
91237148
83057
88424041
83589
94436837
87634
89789279
81961
88934766
91567
97140560
77325
89378974
82125
91388440
80752
91352738
83666
88508605
84688
88735767
86832
109273784
81256
115955557
87088
119517005
83260
111724156
84973
113130730
81248
110256300
85882
118415583
83772
109212860
90877
120723575
81927
111203962
84051
152136743
82028
150402561
79374
150485435
80831
150754025
82698
151256660
79748
150531503
77534
151118964
77205
150290901
82369
150045466
82858
155149542
85360
160481034
80219
158531807
86507
160109134
80005
158739582
87003
161059922
80370
158875481
83529
159745754
79650
157911822
78982
158734005
81121
159165261
82981
162365591
81625
161765925
82632
159945430
85598
160646492
81805
162328965
82761
161432443
78884
160576572
86938
159564274
79180
162018877
84307
163938867
77814
163539771
78084
162626613
78694
161452695
83474
163189019
79920
163040909
78086
162262202
79421
164632502
77968
161106803
82338
162832466
78334
164299084
84284
164313339
80626
166824230
84208
163492150
79004
167707101
84110
164095437
80227
167409725
85093
164465340
89982
163714867
84210
163441833
82259
167594078
80556
166560694
80634
169812715
84148
167268943
83204
169851020
85740
171285091
81022
168032293
80998
171954831
77883
170037304
90611
165705571
83232
166404778
83630
181702143
83987
190394770
77628
179436910
85502
185550559
80440
187106462
88013
185676067
81790
180330422
93061
181180774
79869
186026781
79019
188189127
