1024,2048,4096,8192,16384,32768,65536,131072,262144,524288,1048576,2097152,4194304,8388608,16777216
83546259876
91361
234577982
87675
233346552
83197
232116101
88463
233126408
87965
233642904
84837
233436355
90749
236125958
172758
232343202
84237
239518367
83919
159334203
83885
159098919
74422
161023344
79664
159589040
81108
159192147
81691
158477170
81633
158854277
81382
159380921
83377
159503143
79904
162725141
83663
120417289
85980
120028251
81297
120118602
81089
120441363
81627
120470568
80786
120730144
85556
120226495
84876
119692949
77232
122835238
78923
119877887
85795
104638108
76742
103067225
84526
103208362
85517
106871095
83024
102977983
82850
103512841
80846
103548129
119416
103764052
84385
109636993
81719
103139068
79177
98947012
80041
105432506
84514
98067264
82608
99937213
80216
100897196
84142
98658214
78227
98690467
86466
98244283
79144
98832867
83934
100118354
81962
99399724
83883
101606242
81106
96537844
82126
96670512
76796
94348512
79175
96016742
77850
99685378
83497
98081780
80558
96301468
76213
95561680
74590
107577173
82806
106710166
79934
104490832
82014
101529003
79570
105901043
81467
101338998
79510
103455421
82902
103583268
175128
111297724
84520
101255369
77212
136211575
80001
137940908
85120
140227566
82350
133481486
82262
138014592
79841
134156648
77079
140018078
81030
135984111
83741
138160500
86984
134877366
80492
158903375
84117
158035499
82586
158558096
86327
158329202
81573
158625715
79491
158009747
83869
163113960
88432
155376640
81155
155884537
76827
157794445
82836
163034224
81229
159388459
82707
163098027
82828
161362106
84380
162611611
82217
160193091
83071
168739501
81081
160552249
80903
160484441
85136
160657218
81652
163291841
85688
162100436
87531
161211307
86684
163079505
88758
160772645
87194
162541395
86901
161294567
83849
161339959
87122
161403602
79769
164090455
91172
164787867
86262
164537731
87336
164522643
82702
166768876
87155
164357544
84888
164713374
88365
164386804
84220
164488711
96288
164173232
88683
164692280
85329
170056842
89542
169486729
88298
169574832
85641
170313539
84754
171388351
91672
177527227
91528
170168257
79398
169454494
129709
179754273
82052
169899842
90949
183257914
89321
186785743
88404
184685258
88363
188937107
95489
186547047
89672
186159566
92413
185336263
80155
187686430
88908
192574857
81187
190493969
89915
203848640
82396
215188062
78512
205689781
81313
213690093
82959
213786513
80349
209402532
82698
209798311
76981
231655265
81469
210969115
77946
207504887
